300
646.715942382812
1045.22229003906
1469.18811035156
1897.82861328125
2325.384765625
2754.3955078125
3191.29443359375
3648.33203125
4135.67529296875
4668.2822265625
5247.93994140625
5876.2705078125
6554.71630859375
7284.521484375
8066.73779296875
8902.1875
9791.482421875
10734.9853515625
11626.2529296875
12372.123046875
12990.4072265625
13496.29296875
13902.765625
14220.982421875
14460.5810546875
14629.9306640625
14736.3271484375
14786.1748046875
14785.1064453125
14738.1181640625
14649.65625
14523.6982421875
14363.81640625
14173.2412109375
13954.9072265625
13711.4775390625
13445.3955078125
13158.904296875
12854.0693359375
12532.80078125
12196.8544921875
11847.880859375
11487.3916015625
11116.8232421875
10737.484375
10350.625
9957.39453125
9558.875
9156.0693359375
8749.921875
8341.3154296875
7931.06494140625
7519.94189453125
7108.64794921875
6698.28076171875
6290.0068359375
5884.984375
5484.3720703125
5089.31884765625
4700.96044921875
4320.4208984375
3948.80688476562
3587.201171875
3236.66625976562
2898.23681640625
2572.91235351562
2261.66650390625
1965.42407226562
1685.07934570312
1421.47912597656
1175.41882324219
947.651550292969
738.868774414062
549.712951660156
380.762573242188
232.541656494141
105.481033325195
-0.000838190317153931
0