0
0
0
0
0
0
0
0
0
0
0
0
0
0
0
0
0
0
0
0.00106594723183662
0.00412866193801165
0.00900663062930107
0.015542627312243
0.0235992092639208
0.033054806292057
0.043801199644804
0.05574094876647
0.0687855407595634
0.0828534662723541
0.0978698134422302
0.113764345645905
0.130471020936966
0.147927477955818
0.166074603796005
0.184855818748474
0.204216599464417
0.224105268716812
0.24447163939476
0.265267163515091
0.286444991827011
0.307960391044617
0.329770147800446
0.351832032203674
0.374106198549271
0.396553158760071
0.419136375188828
0.441819369792938
0.464568197727203
0.487349987030029
0.510133802890778
0.532889664173126
0.555589437484741
0.578206658363342
0.600715756416321
0.623093605041504
0.645294427871704
0.6672682762146
0.688964784145355
0.710333287715912
0.73132312297821
0.751883804798126
0.771965146064758
0.791517317295074
0.810491323471069
0.828839004039764
0.846513032913208
0.863467633724213
0.879658281803131
0.89504212141037
0.909577906131744
0.923226416110992
0.935950636863708
0.947715699672699
0.958489239215851
0.968241274356842
0.976944744586945
0.98457533121109
0.991112649440765
0.996537208557129
1